281 2.480342
4015 2.507903
7969 2.478707
11054 2.524444
14408 2.524121
17156 2.503270
21059 2.526282
24673 2.510565
27610 2.523506
31418 2.521018
35976 2.498744
39697 2.510056
44204 2.526080
46516 2.525484
50887 2.502635
52187 2.528862
56167 2.475510
62787 2.519710
64754 2.508789
67571 2.518404
71963 2.508929
73206 2.509617
79653 2.515174
80742 2.503896
84720 2.500089
91263 2.491252
94160 2.505813
96602 2.514924
99347 2.487131
104850 2.521421
105680 2.511104
109525 2.510315
113359 2.524253
117753 2.505266
120837 2.530341
127171 2.519580
128740 2.504601
130243 2.525040
137026 2.492678
138152 2.526858
145802 2.486691
146397 2.518294
151505 2.520726
152567 2.486368
160234 2.506529
161981 2.532188
162740 2.503151
166729 2.520776
173335 2.526737
174619 2.509607
179326 2.529085
181107 2.520394
187266 2.514473
189783 2.523456
191912 2.521803
198159 2.503528
201346 2.502387
200176 2.522246
209021 2.507325
210745 2.498843
215529 2.497291
216458 2.510216
219685 2.502844
225327 2.511793
230193 2.495860
232191 2.512812
234710 2.527101
241592 2.522508
241916 2.523647
246478 2.504203
250686 2.511983
254709 2.522528
254680 2.505246
263771 2.502913
264008 2.513703
266476 2.504193
272071 2.517852
273387 2.510116
278221 2.492068
284648 2.527293
287332 2.506062
288831 2.532787
293640 2.503300
297356 2.532218
299320 2.501505
301646 2.505883
306308 2.502457
314821 2.492649
316612 2.519389
318585 2.514083
320705 2.518123
325010 2.510445
327264 2.493918
331167 2.525504
330321 2.497716
340285 2.501347
342573 2.507445
341708 2.505604
348961 2.500158
358981 2.504720
357867 2.497894
358431 2.521632
361231 2.520696
366328 2.512003
367568 2.500079
373888 2.525737
378185 2.506947
383907 2.523597
386172 2.526191
388829 2.502348
398440 2.508999
393120 2.500287
399856 2.527597
404441 2.522539
406396 2.500515
413398 2.509926
417993 2.500158
418511 2.511683
424681 2.526717
426839 2.512293
429437 2.522488
433468 2.506380
433351 2.526575
437724 2.521632
440756 2.508361
448723 2.504660
448846 2.525474
454826 2.528416
458233 2.509876
462103 2.503449
461017 2.496363
463200 2.526393
468904 2.522267
473562 2.508132
481668 2.502308
478804 2.529085
482393 2.507524
491483 2.502695
488483 2.513102
495862 2.531285
500235 2.506718
502541 2.482946
507255 2.506479
509420 2.502725
515076 2.507405
515012 2.509278
519509 2.528204
522949 2.501040
530586 2.507803
532378 2.525444
536812 2.514043
536999 2.528801
541516 2.529794
546667 2.495180
552767 2.513262
554180 2.501763
557523 2.518615
558860 2.505435
560641 2.518434
566095 2.514163
574835 2.512453
571423 2.518133
575759 2.523496
579419 2.503945
585615 2.501327
589401 2.515715
594303 2.504849
597223 2.507803
601030 2.501198
602932 2.510275
612469 2.496126
607711 2.516146
612649 2.498615
615150 2.501654
619957 2.505137
625563 2.519700
627971 2.505127
631205 2.520092
636237 2.487631
640040 2.480596
641647 2.509727
646145 2.523748
651203 2.526869
645721 2.527030
658160 2.531416
659441 2.489838
661673 2.505008
666572 2.521501
668014 2.510275
671866 2.521934
680279 2.508700
676631 2.520887
678248 2.520666
694621 2.523779
697087 2.519248
694315 2.490005
693945 2.530514
702554 2.517601
712140 2.521582
703537 2.518002
713342 2.502814
721268 2.504501
724728 2.521320
726608 2.506191
729180 2.523345
733055 2.503399
732756 2.493013
739397 2.520485
742779 2.523536
744348 2.506370
753248 2.503429
757626 2.516668
755530 2.521431
756458 2.521682
764914 2.483102
764211 2.513793
768265 2.495367
776414 2.525908
780097 2.505714
780446 2.504591
782500 2.496719
786187 2.534149
793084 2.505336
790669 2.522901
797127 2.507863
801498 2.512353
807266 2.508042
814463 2.488935
816837 2.521541
822095 2.509597
822016 2.517601
823981 2.490967
827358 2.523194
832465 2.522649
830655 2.502834
840273 2.511373
841862 2.508680
842259 2.514704
847103 2.509617
851288 2.508082
850808 2.524091
862723 2.486779
865214 2.516979
867713 2.492560
867497 2.521129
878141 2.501020
874562 2.507405
882016 2.509348
880892 2.524101
890520 2.507933
895067 2.524182
896430 2.524051
901481 2.535014
905703 2.504660
911244 2.530453
910015 2.521713
916603 2.510096
917787 2.501604
917939 2.480985
923901 2.522801
930459 2.502685
937454 2.522659
934547 2.506131
940773 2.508092
941961 2.487229
947085 2.514353
942875 2.509079
949544 2.491213
965630 2.520012
958742 2.521048
965518 2.513162
969405 2.522085
971305 2.518464
977486 2.509248
976088 2.528832
980022 2.521743
989223 2.524899
989270 2.515295
984315 2.508929
995618 2.501545
998944 2.520263
1008303 2.533854
1003275 2.526677
1015576 2.506957
1012451 2.527233
1019756 2.504720
1016224 2.505724
1024948 2.524202
1026568 2.499525
1032785 2.497775
1033486 2.508949
1037781 2.525191
1040999 2.515695
1045763 2.529632
1051044 2.497597
1051463 2.508969
1051309 2.492521
1055344 2.473687
1064183 2.524788
1066881 2.528447
1071042 2.530291
1073590 2.520173
1074167 2.524031
1081533 2.507385
1080994 2.505922
1080830 2.519459
1094059 2.504859
1104130 2.528194
1101532 2.529662
1101756 2.521793
1112025 2.510904
1116540 2.527425
1114466 2.525181
1109501 2.533895
1123066 2.491645
1131515 2.500564
1131349 2.527435
1137061 2.526100
1127625 2.532279
1145916 2.513132
1142193 2.488366
1139877 2.528639
1146119 2.488209
1150017 2.511733
1152804 2.506420
1164039 2.491124
1159069 2.529409
1164260 2.502715
1171445 2.498536
1165306 2.527577
1179311 2.508789
1180288 2.522901
1186405 2.529470
1191041 2.531640
1195394 2.516447
1195245 2.524525
1193729 2.518464
1205027 2.521098
1210780 2.500990
1208141 2.522216
1217268 2.500188
1215926 2.525504
1220861 2.530564
1228809 2.516989
1226343 2.504372
1226143 2.527921
1231610 2.494726
1244470 2.532929
1238240 2.507146
1247881 2.503995
1253275 2.507295
1254984 2.502259
1255581 2.533153
1256778 2.497341
1266255 2.523637
1270517 2.499555
1268290 2.505366
1277472 2.516086
1272323 2.510166
1276192 2.508002
1276408 2.531944
1283083 2.504233
1290014 2.498240
1295878 2.507554
1299998 2.515355
1311629 2.474249
1300621 2.506002
1307267 2.521461
1304094 2.513192
1317877 2.511254
1319751 2.530149
1329602 2.493741
1333834 2.522256
1335930 2.506848
1334445 2.528072
1334197 2.527516
1341946 2.506201
1347846 2.510076
1350061 2.500455
1354995 2.480927
1360261 2.514243
1353958 2.507644
1365360 2.494460
1370438 2.497923
1370276 2.528771
1376802 2.512862
1384032 2.501010
1382226 2.500218
1387210 2.510605
1393681 2.528325
1402750 2.507843
1393913 2.497864
1405608 2.506977
1398427 2.529399
1406634 2.524374
1407516 2.501941
1417221 2.494174
1413334 2.506997
1416890 2.500634
1427444 2.493022
1442987 2.525212
1437331 2.521451
1436495 2.516016
1436447 2.506231
1435957 2.532046
1449279 2.504174
1445848 2.530311
1460452 2.493849
1452484 2.521662
1455457 2.527303
1457649 2.505584
1460335 2.532097
1463828 2.504203
1473983 2.502149
1471174 2.493820
1488802 2.527708
1489174 2.527405
1496562 2.503558
1494238 2.522085
1498205 2.510435
1498419 2.527172
1506428 2.476316
1515157 2.500020
1507345 2.506857
1507924 2.477637
1520268 2.486642
1517769 2.487925
1530859 2.504521
1531147 2.523678
1537728 2.500327
1535062 2.524222
1531664 2.509428
1538576 2.502149
1551124 2.499584
1557016 2.508849
1555019 2.503300
1548599 2.514063
1557368 2.503588
1564896 2.521773
1564552 2.506221
1570299 2.483434
1573323 2.510116
1575533 2.527425
1584084 2.511493
1581840 2.501575
1590370 2.505147
1594409 2.502705
1607462 2.500752
1600676 2.511413
1603077 2.513873
1602788 2.507853
1611213 2.510365
1621859 2.488396
1616388 2.500663
1624407 2.521199
1623663 2.526343
1626682 2.497291
1633164 2.521249
1628477 2.516868
1643840 2.499753
1638823 2.519861
1657816 2.505684
1652102 2.511094
1648454 2.512243
1651501 2.504233
1650535 2.527324
1670679 2.507524
1668271 2.492422
1663910 2.506380
1672688 2.499911
1684629 2.509188
1674099 2.501803
1688900 2.512622
1690537 2.505197
1690654 2.511234
1695804 2.506430
1699158 2.503995
1703153 2.507305
1705922 2.505445
1708126 2.525161
1708886 2.503042
1717163 2.525626
1724437 2.521018
1725588 2.501466
1722671 2.501902
1734943 2.495121
1732351 2.509418
1753186 2.527516
1732127 2.502863
1737381 2.518987
1745259 2.528093
1750573 2.495012
1751211 2.523063
1757829 2.521793
1765689 2.521330
1770521 2.497775
1776498 2.523244
1779030 2.521864
1763275 2.524364
1785974 2.499337
1775319 2.529470
1792961 2.521229
1797735 2.512952
1799139 2.512093
1803188 2.507574
1798309 2.519107
1801413 2.501505
1809840 2.514323
1817468 2.529196
1817780 2.515635
1819548 2.507295
1825725 2.524636
1826610 2.481785
1825899 2.501000
1829237 2.503171
1832528 2.515836
1838880 2.523063
1846794 2.512632
1845756 2.508192
1846084 2.500881
1853316 2.526393
1854508 2.518263
1861546 2.497874
1872124 2.515575
1867629 2.486661
1875261 2.515806
1879342 2.531011
1875628 2.491557
1873101 2.529034
1882320 2.510216
1880937 2.520595
1895854 2.505246
1888026 2.522448
1907472 2.505942
1907696 2.532818
1906350 2.484900
1907429 2.517280
1916745 2.512113
1922291 2.504471
1915748 2.507186
1921791 2.524848
1924013 2.511523
1933529 2.489210
1942596 2.510066
1944667 2.525999
1944775 2.521743
1952570 2.511224
1960024 2.510216
1950297 2.514323
1954726 2.493721
1959118 2.525282
1972849 2.509168
1963829 2.501357
1975961 2.496462
1981512 2.502189
1978376 2.527900
1996015 2.498793
1988396 2.512812
2004058 2.522287
1989400 2.507594
1995546 2.503330
2000751 2.491272
2006186 2.500495
2004914 2.518002
2002328 2.516919
2015839 2.521995
2017708 2.506459
2021906 2.503846
2021682 2.530575
2031475 2.498872
2033286 2.509497
2041835 2.528386
2038507 2.513242
2037990 2.510395
2044672 2.493219
2048931 2.519499
2057804 2.526677
2060341 2.507285
2057557 2.512423
2061250 2.506161
2074355 2.506131
2078718 2.525868
2084728 2.477190
2080493 2.522821
2090342 2.516588
2097171 2.529358
2099113 2.490515
2101954 2.508192
2095083 2.517189
2108478 2.527344
2099519 2.532025
2101398 2.504640
2107968 2.495002
2112317 2.505863
2117857 2.527040
2117067 2.489465
2130758 2.506440
2126262 2.498012
2130249 2.524021
2147824 2.510305
2129396 2.527405
2143262 2.506141
2152174 2.502844
2145653 2.520927
2145527 2.506967
2157066 2.502080
2167024 2.521179
2176061 2.492432
2176200 2.506738
2178024 2.496294
2188115 2.488219
2185002 2.513142
2192068 2.498734
2187030 2.520555
2203266 2.499327
2178754 2.508331
2197235 2.514313
2201899 2.527860
2204015 2.510605
2196536 2.503171
2211108 2.526303
2221192 2.517169
2224917 2.498240
2225490 2.525171
2226702 2.524343
2234250 2.505356
2232478 2.495831
2236438 2.513132
2242967 2.497538
2234520 2.529875
2247468 2.490260
2259247 2.515505
2252650 2.504710
2271339 2.522901
2267736 2.487406
2264883 2.509826
2272145 2.530433
2262031 2.507495
2273591 2.501040
2294981 2.526889
2281241 2.508042
2297845 2.515936
2289052 2.499298
2285347 2.493131
2291779 2.507455
2293581 2.510665
2301659 2.506499
2312543 2.495051
2310762 2.528730
2318159 2.521149
2319087 2.523385
2313525 2.506708
2329948 2.505405
2335212 2.496640
2318976 2.528629
2343347 2.522801
2335700 2.504114
2337546 2.506867
2346040 2.517792
2354964 2.530717
2356704 2.506161
2367846 2.515164
2350402 2.523990
2371716 2.526030
2364906 2.520153
2368581 2.495554
2376403 2.523194
2378551 2.509318
2388959 2.512533
2385911 2.523153
2389202 2.509607
2388976 2.501763
2402374 2.513142
2400323 2.527273
2410603 2.526677
2396045 2.490132
2406501 2.507883
2423288 2.499624
2425318 2.503786
2432886 2.511723
2418894 2.526212
2436085 2.507763
2436557 2.530057
2437948 2.502973
2445458 2.514754
2460604 2.511024
2439521 2.494519
2446222 2.528022
2460331 2.512393
2460285 2.502100
2454233 2.500564
2467252 2.512263
2469751 2.482790
2468036 2.508162
2471159 2.509587
2486547 2.500049
2488679 2.525999
2488263 2.531345
2494029 2.494234
2498761 2.521119
2507378 2.515234
2510311 2.514523
2505269 2.525060
2512773 2.486074
2509868 2.523657
2516012 2.519549
2511611 2.517581
2518298 2.489534
2518553 2.466682
2528483 2.521008
2532957 2.531731
2544205 2.490024
2531290 2.531122
2546433 2.503747
2553375 2.508600
2567506 2.507027
2559805 2.511973
2554329 2.515124
2556360 2.520424
2568984 2.512263
2562684 2.494194
2576511 2.507733
2582356 2.517260
2582209 2.502030
2581538 2.532472
2593139 2.519851
2588188 2.511783
2589879 2.520726
2592183 2.515735
2598525 2.483952
2595869 2.520173
2593076 2.526626
2616266 2.500010
2613440 2.498694
2618194 2.507773
2620829 2.504511
2631877 2.506788
2631861 2.511613
2627827 2.504293
2635432 2.514744
2631968 2.532036
2642445 2.496669
2640389 2.526424
2643194 2.529379
2657973 2.502576
2651080 2.512243
2662400 2.525666
2660127 2.526464
2664210 2.504134
2669429 2.524475
2674201 2.526030
2678922 2.492029
2677269 2.508421
2677667 2.504909
2691079 2.479885
2691341 2.479485
2710134 2.499426
2707515 2.518695
2706652 2.505833
2710801 2.526949
2709838 2.519499
2706111 2.523083
2722606 2.511993
2723696 2.504591
2716359 2.479914
2722125 2.524848
2730760 2.507146
2732174 2.505972
2742264 2.519720
2739614 2.519580
2749681 2.513382
2754844 2.506201
2766575 2.481668
2753623 2.503886
2765631 2.507933
2753066 2.503538
2776861 2.525908
2774394 2.491970
2773596 2.508690
2773243 2.524000
2793043 2.507405
2781819 2.529733
2783600 2.491881
2778819 2.513403
2807270 2.516909
2795689 2.499070
2811940 2.507435
2814111 2.518585
2801751 2.510166
2827652 2.509198
2815848 2.497647
2825064 2.517852
2828402 2.495387
2837882 2.511853
2832494 2.524878
2838934 2.518997
2851652 2.524535
2845902 2.521763
2841883 2.475180
2852251 2.520012
2853624 2.503459
2858069 2.529510
2856974 2.520595
2861854 2.509398
2869428 2.519801
2880846 2.524142
2861644 2.520163
2886944 2.529987
2883844 2.511703
2893286 2.498694
2891987 2.511513
2886047 2.521340
2888651 2.525767
2897938 2.495377
2900886 2.520535
2911750 2.499426
2908162 2.497953
2909229 2.513913
2909778 2.504958
2930717 2.526838
2926852 2.506798
2935796 2.505376
2934313 2.505535
2936361 2.532970
2937194 2.524041
2955605 2.519389
2941006 2.507057
2947667 2.530199
2941205 2.513733
2956798 2.524303
2966766 2.530889
2965363 2.520153
2976498 2.524899
2977261 2.507793
2973672 2.503121
2972808 2.499050
2978503 2.516497
2993253 2.491341
2983084 2.487896
2992414 2.520374
3008481 2.521169
3006078 2.509797
3001648 2.533651
3002078 2.499970
3013526 2.520092
3016990 2.515244
3015852 2.507076
3022913 2.487053
3026961 2.516959
3026828 2.529753
3047500 2.533011
3044847 2.508241
3031249 2.501466
3039948 2.507037
3036583 2.515846
3043488 2.499960
3052425 2.533895
3066020 2.497390
3052144 2.509737
3072728 2.490181
3076345 2.508869
3072073 2.513913
3078774 2.504611
3087008 2.529733
3087486 2.525030
3082931 2.489877
3098321 2.517280
3098448 2.508042
3084767 2.503717
3098461 2.528508
3116476 2.506718
3109479 2.505167
3120056 2.506658
3114857 2.524565
3110400 2.509906
3113100 2.515154
3116663 2.504968
3138215 2.505346
3122803 2.497617
3138714 2.519620
3148896 2.518012
3144452 2.479281
3143106 2.494056
3155236 2.489072
3159515 2.529358
3154438 2.526757
3158071 2.496995
3155076 2.529612
3170611 2.503667
3178123 2.519831
3186932 2.519419
3182427 2.516537
3168087 2.487455
3191025 2.503141
3187475 2.489298
3187330 2.504710
3203199 2.526292
3201214 2.509168
3207705 2.520314
3204825 2.521954
3202063 2.510255
3223679 2.522448
3220914 2.522841
3218849 2.519650
3224330 2.531376
3231781 2.485878
3236301 2.510026
3253673 2.493495
3235853 2.495742
3243552 2.514113
3247922 2.526626
3252508 2.483639
3255050 2.488200
3255230 2.527283
3257196 2.528133
3265715 2.525979
3260693 2.507465
3265033 2.513543
3273402 2.521702
3280643 2.506091
3279725 2.461826
3293868 2.505594
3290344 2.523093
3297019 2.504541
3299523 2.520978
3305214 2.517972
3301625 2.524212
3307557 2.507295
3323981 2.524777
3310271 2.502735
3328692 2.509627
3315232 2.514253
3308855 2.531954
3323885 2.501158
3330086 2.494509
3332623 2.504263
3356145 2.505465
3351872 2.533702
3341177 2.520213
3351778 2.517581
3354868 2.507295
3356356 2.501010
3365046 2.498576
3369771 2.530625
3378910 2.528072
3371143 2.502596
3367978 2.502903
3357855 2.526181
3386453 2.506718
3388322 2.500683
3398749 2.524101
3397556 2.507714
3394055 2.527789
3401992 2.492462
3399455 2.527688
3407570 2.524081
3410412 2.507037
3413470 2.512213
3430864 2.505048
3428371 2.519308
3415935 2.516437
3441547 2.487866
3440287 2.509996
3430089 2.510595
3450727 2.502615
3434339 2.522629
3454359 2.491026
3453395 2.522508
3452654 2.509079
3461354 2.504054
3455346 2.508610
3458335 2.499545
3485843 2.529997
3476392 2.525383
3482775 2.498091
3480720 2.485203
3489168 2.487788
3494101 2.526414
3495836 2.515876
3504085 2.523637
3489204 2.520384
3499374 2.501773
3505829 2.518063
3500752 2.523587
3512558 2.510305
3510749 2.524878
3517526 2.526767
3534730 2.514343
3531018 2.531335
3532927 2.510006
3522175 2.507883
3553180 2.523940
3536002 2.509098
3528772 2.529895
3548999 2.504074
3553499 2.502735
3550176 2.523426
3561204 2.503389
3567351 2.529277
3563925 2.525040
